# improved file
x <- 10 + 12
y <- 10 * 12  